0 0.15546875 0.2640625 0.109375 0.30625
0 0.303125 0.1875 0.140625 0.275
0 0.43359375 0.315625 0.1140625 0.2875
0 0.55703125 0.240625 0.115625 0.3015625
0 0.69296875 0.28359375 0.1515625 0.2859375
0 0.8203125 0.228125 0.121875 0.2109375
0 0.821875 0.47265625 0.1359375 0.2859375
0 0.1609375 0.52734375 0.1359375 0.2234375
0 0.15 0.77109375 0.1484375 0.315625
0 0.2953125 0.484375 0.14375 0.3078125
0 0.29140625 0.76875 0.125 0.3046875
0 0.4265625 0.8046875 0.125 0.234375
0 0.425 0.5796875 0.14375 0.2234375
0 0.55703125 0.54765625 0.1234375 0.3109375
0 0.55703125 0.8078125 0.1375 0.24375
0 0.6828125 0.77734375 0.1296875 0.2703125
0 0.68671875 0.5390625 0.1328125 0.2296875
0 0.81328125 0.7625 0.128125 0.3234375